{"geometry_optimization": {
  "type": "optimization",
  "optimizer": "BFGS",
  "maxstep": 0.2},
"calculator": {
  "calculator": "Aims",
  "calculator_parameters": {
    "output_level": "MD_light",
    "xc": "pw-lda",
    "relativistic": "atomic_zora scalar",
    "species_dir": "/home/knoop/FHIaims/aimsfiles/species_defaults/light",
    "use_pimd_wrapper": ["localhost", 12345],
    "k_grid": [4, 4, 4],
    "compute_forces": true,
    "compute_analytical_stress": true}},
"atoms": {
  "symbols": ["Si", "Si"],
  "masses": [28.085, 28.085],
  "cell": 
    [[ 0.00000000000000000e+00,  2.79999999999999982e+00,  2.79999999999999982e+00],
     [ 2.79999999999999982e+00,  0.00000000000000000e+00,  2.79999999999999982e+00],
     [ 2.79999999999999982e+00,  2.79999999999999982e+00,  0.00000000000000000e+00]],
  "positions": 
    [[ 0.00000000000000000e+00,  0.00000000000000000e+00,  0.00000000000000000e+00],
     [ 1.39999999999999991e+00,  1.39999999999999991e+00,  1.39999999999999991e+00]]},
"hilde": {
  "version": "0.1.1"}}
---
{"atoms": {
  "info": {
    "nsteps": 0},
  "cell": 
    [[-2.43404053908611025e-12,  2.72222062986372926e+00,  2.72222062994381853e+00],
     [ 2.72222066067409063e+00, -4.18323140609873211e-12,  2.72222062994556735e+00],
     [ 2.72222066067316204e+00,  2.72222062986454993e+00, -3.25473521173178144e-12]],
  "positions": 
    [[-5.30555370322191932e-11,  2.78014182739555834e-11,  1.49820441339070221e-11],
     [ 1.36111033038926021e+00,  1.36111031490322243e+00,  1.36111031495655088e+00]]},
"calculator": {
  "energy": -15747.931853595532,
  "forces": 
    [[-3.82000085758399956e-09,  2.00170328661396408e-09,  1.07870780859735589e-09],
     [ 3.82000085758399956e-09, -2.00170328661396408e-09, -1.07870780859735589e-09]],
  "stress": 
    [[ 4.42894379356986029e-02,  9.57354891767567506e-13,  4.28646690711313403e-13],
     [ 9.57354891767567506e-13,  4.42894554788678535e-02,  1.42467829774747347e-12],
     [ 4.28646690711313403e-13,  1.42467829774747347e-12,  4.42894554332632709e-02]]}}
---
{"atoms": {
  "info": {
    "nsteps": 1},
  "cell": 
    [[ 2.41965454844521005e-11,  2.71305976166227047e+00,  2.71305976166534446e+00],
     [ 2.71305934217158384e+00, -3.67766466404217486e-11,  2.71305976172631791e+00],
     [ 2.71305934215780509e+00,  2.71305976170946472e+00, -2.29979366295933195e-11]],
  "positions": 
    [[-9.18737187245495280e-12,  1.75653415527526522e-10,  8.68079857985521520e-11],
     [ 1.35652967109758360e+00,  1.35652988065808611e+00,  1.35652988075535808e+00]]},
"calculator": {
  "energy": -15748.027690431552,
  "forces": 
    [[ 2.90437386464458874e-09,  9.83504122222772937e-09,  4.77815610341982684e-09],
     [-2.90437386464458874e-09, -9.83504122222772937e-09, -4.77815610341982684e-09]],
  "stress": 
    [[ 4.93748924269683895e-03, -3.71651284309157929e-12, -1.06404465089567383e-11],
     [-3.71651284309157929e-12,  4.93724646531727793e-03,  2.12751344500090091e-11],
     [-1.06404465089567383e-11,  2.12751344500090091e-11,  4.93724650696970684e-03]]}}
---
{"atoms": {
  "info": {
    "nsteps": 2},
  "cell": 
    [[ 1.48733834863400722e-10,  2.71454940335176920e+00,  2.71454940334238248e+00],
     [ 2.71454869400040399e+00,  2.05471445930271347e-11,  2.71454940347056928e+00],
     [ 2.71454869394451404e+00,  2.71454940342406559e+00,  7.64374683051521321e-11]],
  "positions": 
    [[ 2.09080233263839643e-11,  1.34452190863211924e-10,  6.80440134326311783e-11],
     [ 1.35727434700250482e+00,  1.35727470156464336e+00,  1.35727470165430342e+00]]},
"calculator": {
  "energy": -15748.02875462585,
  "forces": 
    [[ 2.74516597843449764e-09, -3.44923613871078870e-09, -1.56433088013214221e-09],
     [-2.74516597843449764e-09,  3.44923613871078870e-09,  1.56433088013214221e-09]],
  "stress": 
    [[-9.65006058578128266e-04, -2.99364247983699499e-11, -6.06008024936142407e-11],
     [-2.99364247983699499e-11, -9.65221781259990343e-04, -1.11637332343171952e-11],
     [-6.06008024936142407e-11, -1.11637332343171952e-11, -9.65221771280849457e-04]]}}
---
{"atoms": {
  "info": {
    "nsteps": 3},
  "cell": 
    [[ 1.48733834863400722e-10,  2.71454940335176920e+00,  2.71454940334238248e+00],
     [ 2.71454869400040399e+00,  2.05471445930271347e-11,  2.71454940347056928e+00],
     [ 2.71454869394451404e+00,  2.71454940342406559e+00,  7.64374683051521321e-11]],
  "positions": 
    [[ 2.09080233263839643e-11,  1.34452190863211924e-10,  6.80440134326311783e-11],
     [ 1.35727434700250482e+00,  1.35727470156464336e+00,  1.35727470165430342e+00]]},
"calculator": {
  "energy": -15748.028744447543,
  "forces": 
    [[ 7.86407826746697956e-10, -1.64396119088828186e-09,  7.17139694037197390e-10],
     [-7.86407826746697956e-10,  1.64396119088828186e-09, -7.17139694037197390e-10]],
  "stress": 
    [[ 1.07401856029374810e-05, -6.64171359881329434e-12, -1.18776747484029587e-11],
     [-6.64171359881329434e-12,  1.06008392235807689e-05, -1.96109699474288124e-11],
     [-1.18776747484029587e-11, -1.96109699474288124e-11,  1.06008967310436109e-05]]}}